(286, 1319)
(91, 1388)
(-35, 2306)
(-143, 2932)
(-1255, 643)
(-1330, 378)
(-1330, 494)
(-1652, 494)
(-1806, 494)
(-1806, 290)
(-1652, 290)
(-1330, 290)
(-343, 1088)
(-343, 1388)
(-429, 1857)
(-460, 1857)
(-697, 1857)
(-881, 1625)
(-886, 1880)
(-886, 1886)
(-1010, 2155)
(-1048, 2155)
(-1261, 2155)
(-1615, 1643)
(-1645, 1611)
(-1780, 1611)
(-2462, 1611)
(-2462, 1459)
(-1780, 1459)
(-1673, 1433)
(-1673, 1169)
(-2280, 337)
(-2329, 337)
(-2388, 529)
(-2388, 568)
(-2788, 778)
(-3286, 778)
(-3173, 1847)
(-3587, 2238)
(-3312, 1847)
(-3587, 2086)
(-3587, 2657)
(-2129, 2680)
(-1636, 2680)
(-1636, 2612)
(-2075, 1999)
(-2075, 2381)
(-1083, 2161)
(-881, 1837)
(-697, 1837)
(-460, 1837)
(-429, 1837)
(-372, 2161)
(-372, 2204)
(-347, 2464)
(-35, 2223)
(-35, 2831)
(-209, 2932)
(-814, 2967)
(-814, 3028)
(-768, 2900)
(-850, 2787)
(-1010, 2787)
(-2287, 2680)
(-3277, 3335)
(-3390, 4047)
(-2580, 4219)
(-3052, 4219)
(-3255, 4047)
(-3255, 3416)
(-3277, 3374)
(-4068, 3487)
(-3796, 4047)
(-3852, 3555)
(-4292, 3555)
(-4613, 3555)
(-4455, 3487)
(-4292, 3815)
(-3852, 3601)
(-5155, 2269)